sample_id,component,acoustic_weight,optical_weight,thermal_weight
W00017,H2,2.4617429933489382e-05,0.03553170495372498,0.9644436776163416
W00017,CH4,0.0011888035123996494,0.23446202927517049,0.7643491672124298
W00017,CO2,0.011424767897449943,0.3800720615111276,0.6085031705914224
W00017,N2,0.049017091249246796,0.475526972410469,0.4754559363402843
W00018,H2,0.0006580883832002991,0.023551365568535064,0.9757905460482647
W00018,CH4,6.506599203258248e-05,0.00018600688051916193,0.9997489271274482
W00018,CO2,0.18653397321662119,0.6269993410419771,0.1864666857414017
W00018,N2,0.061864210635686354,0.009161819663882909,0.9289739697004307
W00019,H2,0.000516683033650088,0.030580996273911,0.9689023206924389
W00019,CH4,0.00011556095662197491,0.0004736419301428709,0.9994107971132351
W00019,CO2,0.051706080467509345,0.7237112897412236,0.2245826297912671
W00019,N2,0.052935910340099174,0.012928806184020009,0.9341352834758808
W00020,H2,0.0005870603700942877,0.030432427380294103,0.9689805122496116
W00020,CH4,0.00010505282134832824,0.0007120911856999808,0.9991828559929516
W00020,CO2,0.11267628553269406,0.6804170949297023,0.20690661953760353
W00020,N2,0.06364085990646355,0.027897148840382045,0.9084619912531544
W00021,H2,0.002313990689820513,0.6223528599611973,0.37533314934898215
W00021,CH4,0.0009505216610608319,0.02212390947118737,0.9769255688677518
W00021,CO2,0.09034094433946695,0.7402780614701632,0.16938099419036992
W00021,N2,0.07312938667130459,0.3269429145873479,0.5999276987413477
W00022,H2,0.0017927404861498846,0.01154547278028762,0.9866617867335624
W00022,CH4,0.0003029763095937294,0.0006412179616660401,0.9990558057287402
W00022,CO2,0.1734532544058648,0.5770569504481371,0.24948979514599812
W00022,N2,0.07692497598698568,0.018504151502044066,0.9045708725109703
W00023,H2,0.0039130713100224155,0.024119785558322896,0.9719671431316547
W00023,CH4,0.00021735477983411426,0.00037513460265216277,0.9994075106175138
W00023,CO2,0.24643012624555904,0.615635177314952,0.13793469643948902
W00023,N2,0.06592257402015209,0.021171724502882922,0.912905701476965
W00024,H2,0.002321577927954973,0.014231653591255755,0.9834467684807893
W00024,CH4,0.0001533470556224948,0.0003124835392311168,0.9995341694051464
W00024,CO2,0.20625054885721544,0.614500684579897,0.17924876656288746
W00024,N2,0.1773028165388783,0.02193004486830872,0.800767138592813
W00025,H2,0.003986571791334139,0.5839625396598163,0.4120508885488496
W00025,CH4,0.0003192848224681046,0.009819988289591233,0.9898607268879407
W00025,CO2,0.03266951737961702,0.786199553658741,0.18113092896164215
W00025,N2,0.03127555452482023,0.33736291672306973,0.6313615287521099
W00026,H2,0.0011740198986547698,0.0023593375901901567,0.996466642511155
W00026,CH4,0.004992094328585245,0.00282307369637505,0.9921848319750398
W00026,CO2,0.12276577022273648,0.5879711088600753,0.28926312091718825
W00026,N2,0.10497239206289444,0.01814310320900107,0.8768845047281045
W00027,H2,0.0016605989624496893,0.0021180876502374505,0.9962213133873128
W00027,CH4,0.0030898933130044407,0.001781769366904011,0.9951283373200915
W00027,CO2,0.10445396119880027,0.6793651938902607,0.21618084491093897
W00027,N2,0.11850656163473164,0.013529836163537147,0.8679636022017313
W00028,H2,0.0030092699540172625,0.004454644144756195,0.9925360859012264
W00028,CH4,0.004166562803058686,0.0036246962970581664,0.9922087408998832
W00028,CO2,0.07154329409448819,0.7687339876091919,0.15972271829631993
W00028,N2,0.16360062538501996,0.031975456122608784,0.8044239184923713
W00029,H2,0.0038221069502026883,0.0836977164432684,0.912480176606529
W00029,CH4,0.0024105682285772765,0.02294928718526294,0.9746401445861599
W00029,CO2,0.09404809612768893,0.46420708008779216,0.4417448237845189
W00029,N2,0.070190384594416,0.1854712803951025,0.7443383350104815
W00030,H2,0.004917305391638003,0.01727657327876161,0.9778061213296004
W00030,CH4,0.008221279077822123,0.001765603482477348,0.9900131174397006
W00030,CO2,0.11535769554610605,0.46105451199731207,0.42358779245658185
W00030,N2,0.039085410170102926,0.010490234875667885,0.9504243549542292
W00031,H2,0.017925021342996932,0.01589266068577842,0.9661823179712246
W00031,CH4,0.017637432308889006,0.0011920558004421624,0.9811705118906687
W00031,CO2,0.37130296411283376,0.42589425044479107,0.20280278544237518
W00031,N2,0.1437705453994394,0.007547746093809681,0.8486817085067511
W00032,H2,0.014470482066531875,0.027086756708589187,0.9584427612248789
W00032,CH4,0.010145125113793053,0.0030468814942707576,0.9868079933919361
W00032,CO2,0.24879943410236888,0.5170123898559492,0.23418817604168188
W00032,N2,0.0755030803784137,0.028331756152480635,0.8961651634691057
W00209,H2,0.0016153035063185002,0.8288912724885105,0.1694934240051711
W00209,CH4,0.0016593739993440834,0.3832358381487752,0.6151047878518807
W00209,CO2,0.008183168592158898,0.34636009310741706,0.6454567383004242
W00209,N2,0.027836847312755736,0.1561911878971607,0.8159719647900836
W00210,H2,0.0027823621721846715,0.1564015104511789,0.8408161273766364
W00210,CH4,0.009769424253126335,0.026807584298905306,0.9634229914479684
W00210,CO2,0.0061993286611779575,0.02271682907321125,0.9710838422656108
W00210,N2,0.0017028959076995538,0.0004574643435469803,0.9978396397487536
W00211,H2,0.004955528347651712,0.165533691427583,0.8295107802247652
W00211,CH4,0.017559986267834223,0.02988282727125971,0.952557186460906
W00211,CO2,0.00519425638207097,0.03205185170495402,0.9627538919129751
W00211,N2,0.0014723430501046215,0.0003196045398071571,0.9982080524100881
W00212,H2,0.007588849390606437,0.0996718566560263,0.8927392939533673
W00212,CH4,0.026409716781456306,0.036627210293533906,0.9369630729250098
W00212,CO2,0.011102364209114583,0.07876236824665914,0.9101352675442262
W00212,N2,0.006132957973984335,0.0016576741039019403,0.9922093679221137
W00213,H2,0.01935923173539743,0.7491164992822341,0.2315242689823685
W00213,CH4,0.009025815486222933,0.40435196854959005,0.5866222159641871
W00213,CO2,0.020879181223096944,0.12785632330264357,0.8512644954742594
W00213,N2,0.03170287866205801,0.15116083494375976,0.8171362863941822
W00214,H2,0.0026768294266094096,0.03305330423268338,0.9642698663407072
W00214,CH4,0.003407370773229836,0.023320704700643242,0.9732719245261269
W00214,CO2,0.0705431084675536,0.13294532301067455,0.7965115685217719
W00214,N2,0.05849622101471379,0.07469018357025636,0.8668135954150298
W00215,H2,0.0037538840066260325,0.014997449689760944,0.9812486663036131
W00215,CH4,0.006715773087589943,0.010238456549199394,0.9830457703632106
W00215,CO2,0.052826357776746054,0.09064662543636091,0.8565270167868929
W00215,N2,0.1563848395187111,0.034443191587248095,0.8091719688940409
W00216,H2,0.0022229494233785407,0.021647759094689547,0.9761292914819318
W00216,CH4,0.004981154100562115,0.02227400286454606,0.9727448430348918
W00216,CO2,0.029814529201129817,0.05021154366906354,0.9199739271298066
W00216,N2,0.22420469183313835,0.09658607019137178,0.6792092379754899
W00217,H2,0.04567135303244792,0.7036739244908203,0.25065472247673165
W00217,CH4,0.008181627952027613,0.23137004899691316,0.7604483230510592
W00217,CO2,0.024079283765145253,0.3826802759170709,0.5932404403177838
W00217,N2,0.01592802984017554,0.09786080738021657,0.886211162779608
W00218,H2,0.015420359555376816,0.17252016391135366,0.8120594765332695
W00218,CH4,0.02384209034548126,0.06673825985235485,0.9094196498021639
W00218,CO2,0.037865327751867794,0.06479617907385206,0.8973384931742802
W00218,N2,0.06652116239415491,0.005772450384062115,0.927706387221783
W00219,H2,0.022256808397220582,0.14937549577408946,0.82836769582869
W00219,CH4,0.03395970136490582,0.060099458502228066,0.9059408401328662
W00219,CO2,0.03761273638692404,0.09873432177580897,0.8636529418372669
W00219,N2,0.11162672199772593,0.005105842176169876,0.8832674358261042
W00220,H2,0.04067111236755354,0.087099744850505,0.8722291427819414
W00220,CH4,0.06821532904929509,0.05233480712184033,0.8794498638288646
W00220,CO2,0.0712504698828238,0.06859235029443689,0.8601571798227393
W00220,N2,0.11279237758417818,0.006496361450753185,0.8807112609650687
W00221,H2,0.12859945222721314,0.5500822504978841,0.32131829727490285
W00221,CH4,0.08294562435421172,0.19025429287975784,0.7268000827660304
W00221,CO2,0.0491828168156464,0.1416958840190177,0.8091212991653359
W00221,N2,0.013604467262346391,0.06979155250867737,0.9166039802289763
W00222,H2,0.1641178524452033,0.10487631030404444,0.7310058372507523
W00222,CH4,0.20123986238464703,0.03813663629270002,0.7606235013226529
W00222,CO2,0.010373966788336686,0.02884543380062383,0.9607805994110395
W00222,N2,0.008532085587764934,0.00806681767293082,0.9834010967393041
W00223,H2,0.14309973956313451,0.11012993739175213,0.7467703230451134
W00223,CH4,0.18123896094933914,0.04807151317732589,0.770689525873335
W00223,CO2,0.017718214220533695,0.021751879616832892,0.9605299061626333
W00223,N2,0.014472430193199229,0.006914569563114519,0.9786130002436861
W00224,H2,0.2336976092440162,0.12707333790355593,0.6392290528524279
W00224,CH4,0.2225091716282375,0.058105813743408244,0.7193850146283542
W00224,CO2,0.023517972415830694,0.030758674363451238,0.9457233532207181
W00224,N2,0.03916455327237347,0.021671168115349682,0.9391642786122768
W00257,H2,0.00011159456851349568,0.11719606226059129,0.8826923431708953
W00257,CH4,0.0003174466754257494,0.05561080187280515,0.9440717514517691
W00257,CO2,0.01077384661502359,0.5536766509884425,0.43554950239653395
W00257,N2,0.042572028803118195,0.2861230806579123,0.6713048905389696
W00258,H2,0.0038708749487612456,0.09886466734431937,0.8972644577069194
W00258,CH4,0.012528407037790608,0.060862411077771995,0.9266091818844374
W00258,CO2,0.010759145248169953,0.1622281153184692,0.8270127394333607
W00258,N2,0.0028954960349368737,0.006890986154349841,0.9902135178107133
W00259,H2,0.00759769427999148,0.05917772482051187,0.9332245808994967
W00259,CH4,0.021722585873905482,0.031759051395695306,0.9465183627303991
W00259,CO2,0.010695399980699226,0.0791207964848685,0.9101838035344323
W00259,N2,0.0038849701419747277,0.001937216075111622,0.9941778137829137
W00260,H2,0.00628520310612227,0.1295584652246533,0.8641563316692245
W00260,CH4,0.020620892121248055,0.08711498362289817,0.8922641242558539
W00260,CO2,0.02471358971904047,0.11045852872074109,0.8648278815602185
W00260,N2,0.007874135215306798,0.0218975900162858,0.9702282747684073
W00261,H2,4.179076585555494e-05,0.01202099900767985,0.9879372102264646
W00261,CH4,0.003885002361930752,0.12241062517310479,0.8737043724649645
W00261,CO2,0.02039338214474073,0.18179177023465262,0.7978148476206066
W00261,N2,0.04992277127621928,0.27128351868196215,0.6787937100418184
W00262,H2,0.019076708586888248,0.17919304533136227,0.8017302460817495
W00262,CH4,0.025890789357054633,0.051759926000111145,0.9223492846428342
W00262,CO2,0.0010131573058496143,0.0026971176572664407,0.996289725036884
W00262,N2,0.003804238102868346,0.0004399782091392782,0.9957557836879923
W00263,H2,0.01275789390333092,0.10897571200589488,0.8782663940907742
W00263,CH4,0.013536151666573158,0.02676886581183959,0.9596949825215874
W00263,CO2,0.0016132019948062067,0.0044181224707817565,0.993968675534412
W00263,N2,0.00036004954607834783,4.28580434604094e-05,0.9995970924104611
W00264,H2,0.02083293633189493,0.13035243193293325,0.8488146317351718
W00264,CH4,0.022320378148212364,0.050473207128210865,0.9272064147235769
W00264,CO2,0.021546296318965756,0.021194978650273564,0.9572587250307607
W00264,N2,0.0012951838902865813,0.0002970155930505804,0.9984078005166628
W00265,H2,0.00028280899977210376,0.01976742330420142,0.9799497676960264
W00265,CH4,0.020295269718006034,0.19701967354069144,0.7826850567413025
W00265,CO2,0.000191748909222042,0.003019903117801754,0.9967883479729762
W00265,N2,0.05959500407759654,0.34111866833088933,0.599286327591514
W00266,H2,0.020939320243986474,0.07684089073426727,0.9022197890217463
W00266,CH4,0.02295365758224767,0.033414614817709236,0.9436317276000431
W00266,CO2,0.006523421557117814,0.02683919414129696,0.9666373843015853
W00266,N2,0.06928436854375042,0.005672313535977323,0.9250433179202723
W00267,H2,0.03578676989559527,0.11757080852107579,0.8466424215833289
W00267,CH4,0.037412519588830295,0.05576901842970741,0.9068184619814622
W00267,CO2,0.009195003759033982,0.038140737806710304,0.9526642584342557
W00267,N2,0.2266196148058241,0.008320154690409946,0.765060230503766
W00268,H2,0.02486727195278419,0.09399670001361284,0.881136028033603
W00268,CH4,0.030681622078493006,0.0640095556254831,0.9053088222960239
W00268,CO2,0.0020205855483016893,0.004732244993726544,0.9932471694579718
W00268,N2,0.04424373498052312,0.010117569228410466,0.9456386957910664
W00269,H2,0.006750213697283657,0.309580544364155,0.6836692419385613
W00269,CH4,0.007507106271134123,0.0826332768782352,0.9098596168506307
W00269,CO2,0.07540062197937215,0.6801354722130629,0.244463905807565
W00269,N2,0.08691572769665075,0.4176187900482844,0.49546548225506476
W00270,H2,0.05256310053514622,0.08659229979988152,0.8608445996649723
W00270,CH4,0.09325344541380183,0.05703520113353747,0.8497113534526608
W00270,CO2,0.05603936911687366,0.0892074884375971,0.8547531424455292
W00270,N2,0.022474915756691808,0.0018980097432331933,0.9756270745000749
W00271,H2,0.05527808027202323,0.1798365889857779,0.7648853307421988
W00271,CH4,0.08835428994460069,0.12522486226249865,0.7864208477929006
W00271,CO2,0.0405692380800533,0.15124358308592117,0.8081871788340256
W00271,N2,0.020817612897422642,0.004455474440744977,0.9747269126618323
W00272,H2,0.06905014948893408,0.11838647854128316,0.8125633719697827
W00272,CH4,0.10626169744208376,0.09225100512878422,0.801487297429132
W00272,CO2,0.05312088501156594,0.1119054745296514,0.8349736404587826
W00272,N2,0.030177228849084817,0.005993595241885719,0.9638291759090295
W00289,H2,9.268286850101578e-05,0.031325146489160294,0.9685821706423388
W00289,CH4,0.0012200403767990689,0.1357257257845701,0.8630542338386309
W00289,CO2,0.012374841270232041,0.5245272171703567,0.4630979415594113
W00289,N2,0.11496852462393102,0.3170854166232229,0.5679460587528461
W00290,H2,0.002432252599198104,0.16901483845817136,0.8285529089426306
W00290,CH4,0.009786829786198964,0.04248010159136531,0.9477330686224358
W00290,CO2,0.006240068429986162,0.15639329805724433,0.8373666335127694
W00290,N2,0.007601876818658441,0.002441585123604241,0.9899565380577374
W00291,H2,0.0025419756246482144,0.18506151370691637,0.8123965106684354
W00291,CH4,0.013899400471789362,0.03923997919135507,0.9468606203368556
W00291,CO2,0.014349369208854873,0.07424640264850871,0.9114042281426364
W00291,N2,0.010649072090924892,0.002276201557511324,0.9870747263515638
W00292,H2,0.0030347372554912263,0.1283174571998779,0.8686478055446308
W00292,CH4,0.013466135247047316,0.06245837669652884,0.9240754880564238
W00292,CO2,0.00541441498660978,0.13069125117157265,0.8638943338418176
W00292,N2,0.01459448370493821,0.007441844329122179,0.9779636719659396
W00293,H2,0.0011259312037508009,0.09161169746598621,0.907262371330263
W00293,CH4,0.002803385877467277,0.1233834217286783,0.8738131923938545
W00293,CO2,0.04981791613843785,0.5782420716225546,0.37194001223900747
W00293,N2,0.08506733001815417,0.3818831285177555,0.5330495414640903
W00294,H2,0.019537008135215524,0.13563746862758458,0.8448255232372
W00294,CH4,0.026873560792181485,0.0782734212101605,0.894853017997658
W00294,CO2,0.039644733848593926,0.10572881633265005,0.854626449818756
W00294,N2,0.0253139690618607,0.0077846648977288576,0.9669013660404104
W00295,H2,0.014168683927054058,0.09918231180150386,0.8866490042714421
W00295,CH4,0.018278616917125446,0.05704791469118925,0.9246734683916853
W00295,CO2,0.03291715582893058,0.07670395968951488,0.8903788844815546
W00295,N2,0.014285376599268988,0.005133549369381742,0.9805810740313493
W00296,H2,0.006871755970013606,0.06665710183256013,0.9264711421974262
W00296,CH4,0.010040926635836203,0.051038393558754176,0.9389206798054096
W00296,CO2,0.02474002312821938,0.03902058729455315,0.9362393895772274
W00296,N2,0.014488230235316958,0.00930300262355467,0.9762087671411283
W00297,H2,0.006817455218267687,0.424974766290519,0.5682077784912133
W00297,CH4,0.005417919011406114,0.19426619148693938,0.8003158895016546
W00297,CO2,0.058865563491201985,0.7800629891371634,0.16107144737163462
W00297,N2,0.04530494124245769,0.6043031869822321,0.35039187177531017
W00298,H2,0.024482776684793046,0.07717031483065372,0.8983469084845533
W00298,CH4,0.01758626020474801,0.042901614771257576,0.9395121250239944
W00298,CO2,0.06782689823558835,0.04280447202020451,0.8893686297442072
W00298,N2,0.08059092372572366,0.019443301855908333,0.899965774418368
W00299,H2,0.018945871251947185,0.09334921266575215,0.8877049160823007
W00299,CH4,0.013278612206212249,0.05638556133474776,0.9303358264590399
W00299,CO2,0.019662081412022768,0.01696062603545657,0.9633772925525207
W00299,N2,0.07843605126769265,0.02368741061417864,0.8978765381181287
W00300,H2,0.031003085692756657,0.11861370226684394,0.8503832120403995
W00300,CH4,0.038928979644162684,0.08405410703859753,0.8770169133172399
W00300,CO2,0.006924488066062688,0.012754448244969574,0.9803210636889677
W00300,N2,0.1528350301457183,0.03610452186033622,0.8110604479939455
W00301,H2,0.0010987783222363313,0.024468339991783848,0.9744328816859797
W00301,CH4,0.010964795095632652,0.17532877560106894,0.8137064293032983
W00301,CO2,0.05641672488744635,0.4635871934635682,0.4799960816489854
W00301,N2,0.09958819813901644,0.4199140293640637,0.4804977724969198
W00302,H2,0.05379193898624777,0.11230709368218751,0.8339009673315647
W00302,CH4,0.041902455376530624,0.06864176405826722,0.8894557805652021
W00302,CO2,0.051542015202005326,0.008398211455832949,0.9400597733421617
W00302,N2,0.04351848574621226,0.016171330477306244,0.9403101837764815
W00303,H2,0.0898793455608902,0.07004974103140471,0.840070913407705
W00303,CH4,0.07554397901628385,0.040319063399878535,0.8841369575838376
W00303,CO2,0.020546584884371773,0.007243977635974259,0.972209437479654
W00303,N2,0.04409507621405835,0.011523212338265646,0.9443817114476761
W00304,H2,0.07139183410604691,0.08035561855223083,0.8482525473417222
W00304,CH4,0.05003394569439177,0.06691701923218872,0.8830490350734196
W00304,CO2,0.0013652727756262753,0.0009437233586573027,0.9976910038657165
W00304,N2,0.012983742048312869,0.015698261046256937,0.9713179969054302
W00401,H2,0.00010309036455141948,0.5473391166126986,0.45255779302274995
W00401,CH4,0.001208399282902763,0.11750375002221473,0.8812878506948825
W00401,CO2,0.00034578761727132614,0.024331842097847823,0.9753223702848809
W00401,N2,0.03043600310718609,0.0943628479616809,0.875201148931133
W00402,H2,9.276823480890384e-05,0.003295376980805116,0.9966118547843861
W00402,CH4,0.00036795972701693434,0.0016230028538605113,0.9980090374191225
W00402,CO2,0.0005891972612643252,0.002652198645673964,0.9967586040930617
W00402,N2,0.003967975748575189,0.0032662812790808762,0.9927657429723439
W00403,H2,0.00013025131063607034,0.003930872681747338,0.9959388760076167
W00403,CH4,0.0004162760176102995,0.0016226235566230646,0.9979611004257666
W00403,CO2,0.0020271028844172723,0.006488852998933988,0.9914840441166487
W00403,N2,0.0038882067038720695,0.004367811581095735,0.9917439817150322
W00404,H2,0.00013714181581577436,0.004473480160715533,0.9953893780234687
W00404,CH4,0.0008605542887791829,0.004208219298101426,0.9949312264131194
W00404,CO2,0.0011680271870730848,0.00509182238535986,0.9937401504275671
W00404,N2,0.007715444274023388,0.013102293470821274,0.9791822622551554
W00405,H2,0.001347741529585902,0.3224419587999275,0.6762102996704866
W00405,CH4,0.0026259358931258916,0.03839937407409226,0.9589746900327819
W00405,CO2,0.0011311793556013803,0.015613862340889767,0.983254958303509
W00405,N2,0.016249134904248792,0.0449240894402195,0.9388267756555316
W00406,H2,0.0015454834415573146,0.7349384908003771,0.26351602575806554
W00406,CH4,0.00019440835571032721,0.00045324794358288933,0.9993523437007067
W00406,CO2,0.03193023819590676,0.12225987656060844,0.8458098852434848
W00406,N2,0.0017093265446486738,0.0001312087639889913,0.9981594646913624
W00407,H2,0.0007951171480827564,0.8838024739062601,0.11540240894565712
W00407,CH4,0.0001329630430422143,0.0002555510645851891,0.9996114858923726
W00407,CO2,0.07371562095736535,0.1332808126902081,0.7930035663524266
W00407,N2,0.0006518816535615423,6.334407039111016e-05,0.9992847742760472
W00408,H2,0.004611978973903596,0.2732468640766314,0.722141156949465
W00408,CH4,0.00014155584303179514,0.00038034984748047294,0.9994780943094876
W00408,CO2,0.031060156067437228,0.22314316155690672,0.745796682375656
W00408,N2,0.001083605475698555,0.0001401394430190735,0.9987762550812823
W00409,H2,0.002731637022756416,0.35767025887626774,0.6395981041009758
W00409,CH4,0.0019602390632714527,0.08528521719816302,0.9127545437385656
W00409,CO2,0.002161541193937702,0.034798276010827175,0.9630401827952352
W00409,N2,0.009069219219634102,0.07352388650700033,0.9174068942733655
W00410,H2,0.0014616465681151465,0.01393620505832514,0.9846021483735597
W00410,CH4,0.0005926455677397475,0.0005338270180842526,0.998873527414176
W00410,CO2,0.02613178199773958,0.030144049506253618,0.9437241684960068
W00410,N2,0.0029292826753898053,0.0005023873905027125,0.9965683299341075
W00411,H2,0.004335122434695338,0.017479986709812607,0.978184890855492
W00411,CH4,0.0017882727293413124,0.0008605730112905442,0.997351154259368
W00411,CO2,0.015309826427160337,0.02330446571391087,0.9613857078589287
W00411,N2,0.005822295202624365,0.0008506901844934834,0.9933270146128822
W00412,H2,0.0033862128284725627,0.007922456087015728,0.9886913310845117
W00412,CH4,0.0010368521985760649,0.0003477660302245339,0.9986153817711995
W00412,CO2,0.015998917604631884,0.013248129567505706,0.9707529528278623
W00412,N2,0.007939740085891524,0.00040395925071968965,0.9916563006633887
W00413,H2,0.01468591897217694,0.6890341383434792,0.29627994268434393
W00413,CH4,0.008762679126226441,0.021048250553338952,0.9701890703204347
W00413,CO2,0.030471183831005562,0.08826260988613692,0.8812662062828576
W00413,N2,0.003971075579887702,0.02330756701182876,0.9727213574082835
W00414,H2,0.010657987783221806,0.008078071352407516,0.9812639408643707
W00414,CH4,0.001112007847477551,0.00016974496355113454,0.9987182471889713
W00414,CO2,0.03219862282518158,0.03285031396949957,0.9349510632053187
W00414,N2,0.0015020785128711676,0.00032166412406236595,0.9981762573630666
W00415,H2,0.020601041663937805,0.01602631655232381,0.9633726417837384
W00415,CH4,0.0028291127620140794,0.0004021763570265179,0.9967687108809594
W00415,CO2,0.07246680133237898,0.037701479515909145,0.8898317191517119
W00415,N2,0.001544113848245913,0.0009052050346063684,0.9975506811171477
W00416,H2,0.01956625680354597,0.008095254250639883,0.9723384889458142
W00416,CH4,0.001661517639625821,0.00012805977308607237,0.9982104225872881
W00416,CO2,0.0567926386831503,0.0442621164767405,0.8989452448401092
W00416,N2,0.00036542972090033304,0.00044743086965021313,0.9991871394094495
W00433,H2,0.0013151700669127493,0.43514052381440876,0.5635443061186785
W00433,CH4,7.108501129887266e-05,0.008460277264342807,0.9914686377243583
W00433,CO2,0.028703455531825177,0.8893036421716611,0.08199290229651372
W00433,N2,0.07874640000296307,0.42833822054429155,0.49291537945274533
W00434,H2,0.0005257149237613607,0.01496873192156303,0.9845055531546756
W00434,CH4,0.00027090624904523545,0.001089143773066209,0.9986399499778886
W00434,CO2,0.09027219720150934,0.6741344003163048,0.23559340248218588
W00434,N2,0.06633990934684213,0.025985904446301143,0.9076741862068567
W00435,H2,0.00043912215884858523,0.009685968810577124,0.9898749090305743
W00435,CH4,0.00016216932178911414,0.00041913461241170505,0.9994186960657991
W00435,CO2,0.04026030273940308,0.7068655167413406,0.2528741805192564
W00435,N2,0.0349726409942377,0.015601308720940983,0.9494260502848213
W00436,H2,0.0002633176950603048,0.007184884640261883,0.9925517976646778
W00436,CH4,8.898450711162111e-05,0.00046539917505551053,0.9994456163178328
W00436,CO2,0.08141847349666805,0.405300538349578,0.513280988153754
W00436,N2,0.03373038942511578,0.02559599743870661,0.9406736131361776
W00437,H2,0.0003877918539781007,0.04477847624393405,0.9548337319020879
W00437,CH4,0.0015020646871401581,0.13683421395809675,0.8616637213547631
W00437,CO2,0.021409646692721412,0.5374046777670455,0.441185675540233
W00437,N2,0.060173309700963996,0.3593711838774466,0.5804555064215894
W00438,H2,0.003918983030473715,0.045560397406219956,0.9505206195633064
W00438,CH4,0.004350074042493727,0.027041996925603825,0.9686079290319024
W00438,CO2,0.039907725715975055,0.043622732113394104,0.9164695421706308
W00438,N2,0.14817112530334622,0.042989053625846214,0.8088398210708077
W00439,H2,0.008623592344112207,0.08454574243137333,0.9068306652245144
W00439,CH4,0.010058401815655446,0.05483280682152176,0.9351087913628228
W00439,CO2,0.06959476198425764,0.07997274450922219,0.8504324935065202
W00439,N2,0.24278443126344637,0.07414730716881694,0.6830682615677367
W00440,H2,0.006383029529171838,0.14829325937974897,0.8453237110910791
W00440,CH4,0.006447583252300085,0.07770441974751098,0.9158479970001889
W00440,CO2,0.1024675151293955,0.08392287803604742,0.8136096068345571
W00440,N2,0.031054622251730675,0.035593199730402716,0.9333521780178666
W00441,H2,0.011788899801217435,0.5077101229966826,0.48050097720210005
W00441,CH4,0.0001256953666633025,0.008056352688152909,0.9918179519451837
W00441,CO2,0.03995574738103751,0.8972545195441197,0.0627897330748427
W00441,N2,0.03509953381739018,0.4264287365909594,0.5384717295916503
W00442,H2,0.04344785542650314,0.24855067183255206,0.7080014727409448
W00442,CH4,0.08126482423795071,0.0636623633342403,0.855072812427809
W00442,CO2,0.0070775544434288455,0.020639375852347926,0.9722830697042232
W00442,N2,0.0904637588947793,0.003009107147690976,0.9065271339575297
W00443,H2,0.046463386889605884,0.20841197759388216,0.745124635516512
W00443,CH4,0.07763074255270433,0.05832823184724971,0.8640410256000459
W00443,CO2,0.0073351094839255206,0.02026506807474012,0.9723998224413343
W00443,N2,0.058438150633524075,0.0031231649510432345,0.9384386844154328
W00444,H2,0.07065454573685986,0.24442944710715295,0.6849160071559872
W00444,CH4,0.10695920378909195,0.09927149921771641,0.7937692969931915
W00444,CO2,0.0015527670506044905,0.007779591120083431,0.9906676418293121
W00444,N2,0.14520276229551934,0.003472431650527411,0.8513248060539532
W00445,H2,0.02885418663839014,0.6724179052494182,0.29872790811219163
W00445,CH4,0.0028522708204805386,0.05727511424735002,0.9398726149321694
W00445,CO2,0.07681497452005688,0.8867309719503875,0.03645405352955564
W00445,N2,0.04976504289515984,0.51729102336281,0.43294393374203016
W00446,H2,0.06020630931649267,0.19217990423289807,0.7476137864506093
W00446,CH4,0.03942373820635254,0.07791816740944069,0.8826580943842067
W00446,CO2,0.027050316250677598,0.05554389539514589,0.9174057883541765
W00446,N2,0.01179919555277944,0.0034771115839903315,0.9847236928632302
W00447,H2,0.10915677382113055,0.15320111623890356,0.7376421099399658
W00447,CH4,0.06211071727888036,0.06488027633731133,0.8730090063838083
W00447,CO2,0.026427696375438348,0.08329881020272921,0.8902734934218325
W00447,N2,0.02085500585976253,0.0029524847489019552,0.9761925093913355
W00448,H2,0.12577454525771842,0.17001407419738146,0.7042113805449001
W00448,CH4,0.08878869605978214,0.08112855529380446,0.8300827486464134
W00448,CO2,0.01561304564209586,0.023794036346898185,0.9605929180110059
W00448,N2,0.031246718926814035,0.0036545522216094688,0.9650987288515764
W00481,H2,2.6190687332244964e-06,0.037620813268334365,0.9623765676629324
W00481,CH4,0.0012929589287012154,0.07808716210516108,0.9206198789661377
W00481,CO2,2.8239327468682713e-05,0.0013569198655918443,0.9986148408069394
W00481,N2,0.034620588445296904,0.12347970787344119,0.8418997036812619
W00482,H2,0.005502604751793944,0.1411519636084375,0.8533454316397685
W00482,CH4,0.01907879728338151,0.04014351763222643,0.9407776850843921
W00482,CO2,0.0008722429228336933,0.014479470769105739,0.9846482863080606
W00482,N2,0.00251279962562286,0.00027882507721025475,0.9972083752971669
W00483,H2,0.0066979205722394585,0.25202407569620755,0.741278003731553
W00483,CH4,0.03035264710344942,0.0664121058881601,0.9032352470083904
W00483,CO2,0.0011112549181215646,0.014364062985151594,0.9845246820967268
W00483,N2,0.0030883917267345204,0.0005914320974132698,0.9963201761758521
W00484,H2,0.0060632054070981845,0.13798364809244376,0.8559531465004581
W00484,CH4,0.020357141564232975,0.04623696351930904,0.9334058949164579
W00484,CO2,0.0026811872392452536,0.03296693629728837,0.9643518764634663
W00484,N2,0.00022322697621268725,5.3723070376180395e-05,0.9997230499534111
W00485,H2,0.0010323182929969754,0.46311557338198567,0.5358521083250173
W00485,CH4,0.0027017869919308954,0.034921347526741545,0.9623768654813276
W00485,CO2,0.0007994141327712685,0.013607476773471381,0.9855931090937574
W00485,N2,0.01689450527268206,0.051163663755853364,0.9319418309714647
W00486,H2,0.01765392976655866,0.43516283731522326,0.5471832329182181
W00486,CH4,0.06013687603326275,0.11312594343249424,0.826737180534243
W00486,CO2,0.0007741729021535695,0.002436770062212776,0.9967890570356336
W00486,N2,0.015434108961764538,0.0027379061007052393,0.9818279849375302
W00487,H2,0.008306607580890312,0.44438714824474757,0.5473062441743622
W00487,CH4,0.022634013550278515,0.11381027439726758,0.863555712052454
W00487,CO2,0.0020307352371077415,0.004247968176264088,0.9937212965866281
W00487,N2,0.008718377196339843,0.0017779154484180591,0.9895037073552421
W00488,H2,0.012850065045904234,0.18110787887495505,0.8060420560791407
W00488,CH4,0.021880586307293743,0.056708919195723274,0.9214104944969829
W00488,CO2,0.006030632926980158,0.03272183016410724,0.9612475369089126
W00488,N2,0.0026197182983475247,0.0003393700984906147,0.9970409116031619
W00489,H2,6.518642655908999e-05,0.031148401279890617,0.9687864122935503
W00489,CH4,0.00451899196096229,0.030784451469961328,0.9646965565690764
W00489,CO2,8.176649152096263e-05,0.0007578189687328983,0.9991604145397461
W00489,N2,0.019328055684772354,0.05534280729487404,0.9253291370203537
W00490,H2,0.05137141851778599,0.3286341087650474,0.6199944727171667
W00490,CH4,0.12830993612598718,0.05160770522948112,0.8200823586445317
W00490,CO2,0.0006393178921336266,0.003667841325313121,0.9956928407825532
W00490,N2,0.010344527939526177,0.0010452912687571366,0.9886101807917167
W00491,H2,0.04656348769994212,0.39597306071101845,0.5574634515890394
W00491,CH4,0.1103805974879812,0.08747388488023664,0.8021455176317821
W00491,CO2,0.001265173960546615,0.00956111347251957,0.9891737125669339
W00491,N2,0.024567258015594,0.002149493963765816,0.9732832480206401
W00492,H2,0.0406703064113512,0.1379427022073969,0.8213869913812519
W00492,CH4,0.05999122560817269,0.04213927234098547,0.8978695020508417
W00492,CO2,0.0012631982593228027,0.010992947285072352,0.9877438544556048
W00492,N2,0.00825889740493913,0.0007287008394511452,0.9910124017556097
W00493,H2,0.00048648280373590226,0.06502185071382142,0.9344916664824426
W00493,CH4,0.059174587902558654,0.06164857750838007,0.8791768345890613
W00493,CO2,0.0003373220119904142,0.0009566179238742561,0.9987060600641354
W00493,N2,0.04366306725414918,0.09577917708939171,0.8605577556564591
W00494,H2,0.031250425913680206,0.5336130754773286,0.4351364986089913
W00494,CH4,0.06474767044303768,0.06114972861701037,0.874102600939952
W00494,CO2,0.0007374896807446666,0.004961267128912028,0.9943012431903433
W00494,N2,0.019184738654084033,0.0010925889194215125,0.9797226724264946
W00495,H2,0.08685098616357143,0.5786297505851871,0.33451926325124154
W00495,CH4,0.16889893068102044,0.06906124672655568,0.7620398225924239
W00495,CO2,0.004020723947389367,0.011384691612094655,0.9845945844405161
W00495,N2,0.020559574258248982,0.001000498630151267,0.9784399271115998
W00496,H2,0.0894906275718901,0.26293293181198774,0.6475764406161222
W00496,CH4,0.1163819469301437,0.04874097863744327,0.834877074432413
W00496,CO2,0.005686409881521743,0.02088730293927119,0.9734262871792071
W00496,N2,0.016057403002757504,0.0004803375939707517,0.9834622594032717
W00577,H2,9.553629517039933e-05,0.5973042138045982,0.40260024990023136
W00577,CH4,0.00032511852766628843,0.031450838788036374,0.9682240426842973
W00577,CO2,0.011051161924572681,0.7055637823015634,0.28338505577386386
W00577,N2,0.06269202067221831,0.2685209573693764,0.6687870219584051
W00578,H2,0.00021886867910666933,0.006477588251365052,0.9933035430695283
W00578,CH4,0.00041949918915863693,0.000964729535962973,0.9986157712748783
W00578,CO2,0.0017692223670388075,0.024210889538444424,0.9740198880945167
W00578,N2,0.007110712513099369,0.0011598790291473004,0.9917294084577534
W00579,H2,0.00015296338881480267,0.00585640936318372,0.9939906272480015
W00579,CH4,0.0004751150899562233,0.0013551025881377143,0.998169782321906
W00579,CO2,0.002419646911903123,0.009237854892811705,0.9883424981952852
W00579,N2,0.008779152586986047,0.0020148944478349923,0.9892059529651789
W00580,H2,0.00010818128748246066,0.0015094692354386387,0.9983823494770789
W00580,CH4,0.0004820508681628792,0.0007621036553247953,0.9987558454765123
W00580,CO2,0.000986161979962402,0.005251113047070251,0.9937627249729672
W00580,N2,0.006936734495913106,0.0016532718838019045,0.9914099936202849
W00581,H2,0.0011495510919370443,0.6722056839129522,0.3266447649951108
W00581,CH4,0.0009921194903201077,0.013219753746499752,0.9857881267631802
W00581,CO2,0.053028434201257156,0.6662795622995101,0.28069200349923273
W00581,N2,0.08652933487691278,0.13978866643487406,0.7736819986882131
W00582,H2,0.026972464557186673,0.12283161896496558,0.8501959164778476
W00582,CH4,0.028295475308716456,0.06570473539609366,0.9059997892951899
W00582,CO2,0.022493239313757418,0.07120352816039065,0.906303232525852
W00582,N2,0.007046872012351751,0.0022202801640770933,0.9907328478235711
W00583,H2,0.023247972503197174,0.09893482220406168,0.8778172052927411
W00583,CH4,0.01928898863135542,0.04648256984325157,0.9342284415253931
W00583,CO2,0.02569278834751616,0.0421426097585212,0.9321646018939627
W00583,N2,0.016560104817333665,0.0038437848440634054,0.9795961103386029
W00584,H2,0.04739676716388997,0.14512147730179356,0.8074817555343164
W00584,CH4,0.04493388398340779,0.07534104560509602,0.8797250704114962
W00584,CO2,0.012475804587825256,0.06267278612182117,0.9248514092903536
W00584,N2,0.031029230114298284,0.011114957919040984,0.9578558119666608
W00585,H2,0.0007245967849600329,0.04128841235015986,0.9579869908648802
W00585,CH4,0.005007641170141027,0.3011236019564729,0.6938687568733861
W00585,CO2,0.01734019635473765,0.5174936805369142,0.46516612310834804
W00585,N2,0.045560754958276474,0.4786080559212713,0.47583118912045225
W00586,H2,0.06121304299582979,0.08366788932963007,0.8551190676745402
W00586,CH4,0.04270594472140022,0.04658959188009902,0.9107044633985008
W00586,CO2,0.0018422581177538313,0.0020950539151159886,0.9960626879671302
W00586,N2,0.004962844972100753,0.0025120237742877094,0.9925251312536115
W00587,H2,0.024085275320650114,0.09768665862961587,0.878228066049734
W00587,CH4,0.01713298360033997,0.056738912575406905,0.9261281038242531
W00587,CO2,0.001564591476588077,0.0028333446921153427,0.9956020638312966
W00587,N2,0.013996920572827757,0.0035674016179802746,0.982435677809192
W00588,H2,0.0492974762131613,0.06522521630631156,0.8854773074805272
W00588,CH4,0.04236527089923323,0.03603564053447695,0.9215990885662898
W00588,CO2,0.0015092286495894407,0.0038360310675710904,0.9946547402828394
W00588,N2,0.012631376668942377,0.0010535078292458146,0.9863151155018118
W00589,H2,0.005326594693272486,0.6818583796200877,0.3128150256866399
W00589,CH4,0.004412939873733371,0.024071752635362667,0.971515307490904
W00589,CO2,0.11780696574298195,0.6852983766208279,0.19689465763619016
W00589,N2,0.1592374595319037,0.19279387702907766,0.6479686634390186
W00590,H2,0.09369727535670988,0.10385017557453699,0.8024525490687531
W00590,CH4,0.110738047560842,0.08606008077198318,0.8032018716671747
W00590,CO2,0.08362373696527614,0.12588627101131203,0.7904899920234119
W00590,N2,0.025745692675736696,0.004020730199547103,0.9702335771247161
W00591,H2,0.08194799903665616,0.11399854200129753,0.8040534589620463
W00591,CH4,0.0778985044954835,0.10389905203875449,0.8182024434657621
W00591,CO2,0.06504979466144632,0.07349717509780831,0.8614530302407453
W00591,N2,0.019026996132661785,0.004235288334662894,0.9767377155326754
W00592,H2,0.08851852284856235,0.18675607340161407,0.7247254037498235
W00592,CH4,0.07806392286514434,0.15359402652085352,0.7683420506140022
W00592,CO2,0.077185018760499,0.08218795384011902,0.8406270273993819
W00592,N2,0.016024451107407398,0.013146344659242522,0.9708292042333501
W00593,H2,0.0002944993724822575,0.6839742491230667,0.3157312515044509
W00593,CH4,0.00021459394506110504,0.06673593287829141,0.9330494731766474
W00593,CO2,0.013480209403494512,0.9296144015824547,0.05690538901405088
W00593,N2,0.028333182333713083,0.6750823400069054,0.2965844776593816
W00594,H2,0.003802648713497828,0.1827140539504178,0.8134832973360844
W00594,CH4,0.0008576539478060886,0.002940391932497936,0.996201954119696
W00594,CO2,0.045867324011846754,0.9304833012013082,0.023649374786845128
W00594,N2,0.07835975934432927,0.012799447417777285,0.9088407932378935
W00595,H2,0.005000288263788765,0.11372637594960919,0.881273335786602
W00595,CH4,0.0007713869613445501,0.001516793859507843,0.9977118191791476
W00595,CO2,0.10715724537999127,0.8393663509456606,0.053476403674348146
W00595,N2,0.0973133288481171,0.01204471137393002,0.8906419597779529
W00596,H2,0.0017960315740248177,0.20594160952835802,0.7922623588976171
W00596,CH4,0.0005161800671038468,0.006984060599098057,0.9924997593337981
W00596,CO2,0.04283244645334227,0.9275616117280907,0.029605941818566885
W00596,N2,0.025800784878966504,0.039145527097717826,0.9350536880233158
W00597,H2,0.005325350504437536,0.7726794920781863,0.22199515741737613
W00597,CH4,0.001158881408053389,0.04146412467618032,0.9573769939157663
W00597,CO2,0.030993807147930777,0.9410232594905161,0.027982933361553115
W00597,N2,0.061332827541003866,0.4350768671413438,0.5035903053176524
W00598,H2,0.004383908171022002,0.021200338773861266,0.9744157530551167
W00598,CH4,5.8124937657123604e-05,0.00010261278624900027,0.9998392622760939
W00598,CO2,0.19286252536657303,0.6692830560404663,0.13785441859296055
W00598,N2,0.06049892706628553,0.014910234614071382,0.9245908383196431
W00599,H2,0.009895111776227143,0.04717262893993663,0.9429322592838362
W00599,CH4,0.00041300602389302823,0.000644396637871551,0.9989425973382354
W00599,CO2,0.37325826672444,0.5498555091124824,0.07688622416307767
W00599,N2,0.09591559636200021,0.021303939069555036,0.8827804645684447
W00600,H2,0.005928672046738129,0.017292886918754944,0.976778441034507
W00600,CH4,0.0001842422963964326,0.0002085443182057227,0.9996072133853978
W00600,CO2,0.10252755383919873,0.8247684395518022,0.07270400660899902
W00600,N2,0.08667749157219096,0.018408612321982574,0.8949138961058265
W00601,H2,0.009979244874866237,0.5350253947630992,0.4549953603620346
W00601,CH4,0.00022738286823977615,0.011494851404603408,0.9882777657271569
W00601,CO2,0.08369872699423357,0.8198454641362266,0.09645580886953985
W00601,N2,0.058801536586325955,0.339836985776804,0.6013614776368701
W00602,H2,0.01949594512838098,0.37998945398162676,0.6005146008899923
W00602,CH4,0.0018834819422108326,0.0008193284735459473,0.9972971895842432
W00602,CO2,0.28945054763610367,0.6563451828074345,0.054204269556461904
W00602,N2,0.10188139492783924,0.010938010768542296,0.8871805943036184
W00603,H2,0.008823493183056422,0.3581137973484485,0.6330627094684951
W00603,CH4,0.00021415006316289823,0.00011202437996617926,0.9996738255568708
W00603,CO2,0.3235010968882277,0.4908226895723846,0.18567621353938762
W00603,N2,0.05819572803230637,0.0052834769575687635,0.9365207950101249
W00604,H2,0.009942219696524358,0.11774710156008249,0.8723106787433931
W00604,CH4,0.0001711533380853606,0.0001678464175107556,0.999661000244404
W00604,CO2,0.29194697802425906,0.5735836948371604,0.13446932713858048
W00604,N2,0.034861514648692624,0.00922862091526452,0.9559098644360428
W00605,H2,0.008226667594337279,0.7891673718280534,0.20260596057760935
W00605,CH4,0.0005133640795253772,0.015953236004836693,0.9835333999156379
W00605,CO2,0.10032697498945622,0.8714424774126516,0.028230547597892192
W00605,N2,0.0483869053752459,0.6022713300972431,0.34934176452751103
